O12 : 16.1264109275
O13 : 16.021679685
O14 : 15.90662205
O15 : 15.7854819913
O16 : 15.6611346229
O17 : 15.9390677501
O18 : 16.1617829588
O19 : 16.3398224125
O20 : 16.4813996539
O21 : 16.5929893992
O22 : 16.6797495525
O23 : 16.7458280785
O24 : 16.7945894241
