C8 : 16.25
C9 : 16.296169961
C10 : 16.2761161775
C11 : 16.214459372
C12 : 16.1264109275
C13 : 16.021679685
C14 : 15.90662205
C15 : 16.2566904089
C16 : 16.5311976575
C17 : 16.7461091551
C18 : 16.913493794
C19 : 17.0426104733
C20 : 17.1406556401
C21 : 17.2132880684
C22 : 17.2650039228
