	p			n
He : 13.8202252859	13.8202252859
Be : 15.855732935	16.6485195818
C : 16.1264109275	16.1264109275
O : 15.6611346229	15.6611346229
Al : 16.688034188	17.0238095238
Ca40 : 16.5309148329	16.5309148329
Ca48 : 15.7340898487	17.98181697
Fe : 16.8212488921	17.5946396458
Ag : 16.7384912462	18.1650878823
Ar : 16.2247867805	17.2823200526
Pb : 16.4935589387	18.9277228533
