He : 13.8202258252
Be : 16.296169577
C : 16.1264103742
O : 15.6611348444
Al : 16.8621398484
Ca40 : 16.5309148176
Ca48 : 17.0452639742
Fe : 17.2355650662
Ag : 17.5470246534
Ar : 16.8064299182
Pb : 17.9681001802
